402.01004
150.753769
1155.778809
3467.33667
2864.321533
3216.080322
3366.833984
3618.090332
3015.075195
4623.115234
2613.065186
3618.090332
4221.105469
4271.356445
3216.080322
4271.356445
3366.833984
4020.100342
4472.361816
4170.854004
4572.864258
4472.361816
3718.592773
3065.32666
3467.33667
2462.311523
2462.311523
2613.065186
2914.572754
2512.562744
2512.562744
2261.306396
2412.060303
2211.055176
2311.557617
2412.060303
1909.547729
2361.809082
2261.306396
2512.562744
2562.813965
2160.803955
2663.316406
3115.577881
1909.547729
2060.301514
2613.065186
3165.829102
2814.070312
1909.547729
2713.567871
3115.577881
2964.823975
3366.833984
2763.819092
3115.577881
2261.306396
2462.311523
2311.557617
1005.025085
854.271362
1306.532593
1608.040161
1306.532593
1105.527588
1105.527588
1206.030151
603.015076
301.507538
1105.527588
1356.783936
2613.065186
6432.160645
5628.140625
1005.025085
854.271362
603.015076
603.015076
804.020081
804.020081
804.020081
1206.030151
703.517578
603.015076
1005.025085
1909.547729
904.522583
402.01004
251.256271
201.00502
603.015076
954.773865
1758.793945
2160.803955
904.522583
603.015076
552.763794
603.015076
351.758789
402.01004
502.512543
603.015076
653.266296
502.512543
502.512543
703.517578
804.020081
904.522583
804.020081
703.517578
402.01004
301.507538
301.507538
201.00502
201.00502
904.522583
1557.78894
1708.542725
2211.055176
1507.537598
2361.809082
2462.311523
3768.844238
4070.351562
4924.623047
6532.663086
7336.683105
6432.160645
6532.663086
7839.195801
7135.678223
7839.195801
8040.200684
7839.195801
7638.190918
6884.421875
3768.844238
2211.055176
3668.341553
3115.577881
2864.321533
2864.321533
1356.783936
502.512543
603.015076
804.020081
703.517578
703.517578
502.512543
301.507538
201.00502
301.507538
301.507538
201.00502
301.507538
301.507538
301.507538
251.256271
201.00502
301.507538
301.507538
301.507538
502.512543
502.512543
502.512543
502.512543
552.763794
603.015076
502.512543
502.512543
603.015076
502.512543
603.015076
1557.78894
4623.115234
6532.663086
6934.67334
5628.140625
4623.115234
1507.537598
402.01004
402.01004
301.507538
301.507538
201.00502
301.507538
301.507538
502.512543
954.773865
753.768799
3517.587891
3618.090332
2613.065186
2311.557617
2110.552734
2010.050171
1708.542725
904.522583
603.015076
603.015076
603.015076
1105.527588
703.517578
603.015076
301.507538
301.507538
201.00502
301.507538
301.507538
301.507538
301.507538
904.522583
502.512543
1407.035156
4321.60791
4924.623047
4924.623047
5226.130371
3115.577881
3366.833984
3718.592773
1608.040161
1708.542725
1256.281372
1809.045166
2512.562744
3567.839111
3216.080322
4170.854004
3768.844238
2010.050171
1608.040161
1507.537598
1306.532593
1155.778809
1005.025085
1105.527588
854.271362
804.020081
804.020081
804.020081
804.020081
703.517578
804.020081
703.517578
703.517578
854.271362
703.517578
703.517578
703.517578
603.015076
753.768799
552.763794
201.00502
301.507538
201.00502
201.00502
201.00502
201.00502
251.256271
201.00502
201.00502
201.00502
201.00502
201.00502
351.758789
201.00502
301.507538
201.00502
301.507538
351.758789
201.00502
3316.582764
7788.944336
7939.698242
8040.200684
7939.698242
7688.441895
8040.200684
8040.200684
7939.698242
7336.683105
7286.432129
6984.924316
6331.658203
4120.603027
1457.286377
2361.809082
1507.537598
2562.813965
3768.844238
4924.623047
4623.115234
4371.859375
4874.371582
4371.859375
3668.341553
4070.351562
4924.623047
4271.356445
